-xi = -2 -11 -2 
-xf = 15 14 15 
-le = 1 
-dx = 0.2 
-al = 0.21509 
-as = 0.35900
-out = output.vtk
